ID	GRIDCODE	X	Y	geometry
46124	5	-16.59	12.35	"c(-16.59, 12.35)"
46125	17	-16.59	12.7	"c(-16.59, 12.7)"
46125	17	-16.59	13.05	"c(-16.59, 13.05)"
45658	5	-16.59	13.75	"c(-16.59, 13.75)"
45547	17	-16.59	14.1	"c(-16.59, 14.1)"
45513	26	-16.59	14.45	"c(-16.59, 14.45)"
45513	26	-16.59	14.8	"c(-16.59, 14.8)"
45513	26	-16.59	15.15	"c(-16.59, 15.15)"
45513	26	-16.59	15.5	"c(-16.59, 15.5)"
46394	11	-16.09	12	"c(-16.09, 12)"
46175	11	-16.09	12.35	"c(-16.09, 12.35)"
46125	17	-16.09	12.7	"c(-16.09, 12.7)"
46125	17	-16.09	13.05	"c(-16.09, 13.05)"
46125	17	-16.09	13.4	"c(-16.09, 13.4)"
45659	25	-16.09	13.75	"c(-16.09, 13.75)"
45513	26	-16.09	14.1	"c(-16.09, 14.1)"
45513	26	-16.09	14.45	"c(-16.09, 14.45)"
45513	26	-16.09	14.8	"c(-16.09, 14.8)"
45513	26	-16.09	15.15	"c(-16.09, 15.15)"
45513	26	-16.09	15.5	"c(-16.09, 15.5)"
45513	26	-16.09	15.85	"c(-16.09, 15.85)"
44674	2	-16.09	16.2	"c(-16.09, 16.2)"
44626	17	-16.09	16.55	"c(-16.09, 16.55)"
44573	26	-16.09	16.9	"c(-16.09, 16.9)"
46394	11	-15.59	12	"c(-15.59, 12)"
46128	11	-15.59	12.35	"c(-15.59, 12.35)"
46125	17	-15.59	12.7	"c(-15.59, 12.7)"
46125	17	-15.59	13.05	"c(-15.59, 13.05)"
46125	17	-15.59	13.4	"c(-15.59, 13.4)"
45663	16	-15.59	13.75	"c(-15.59, 13.75)"
45482	17	-15.59	14.1	"c(-15.59, 14.1)"
45513	26	-15.59	14.45	"c(-15.59, 14.45)"
45513	26	-15.59	14.8	"c(-15.59, 14.8)"
45513	26	-15.59	15.15	"c(-15.59, 15.15)"
45513	26	-15.59	15.5	"c(-15.59, 15.5)"
45513	26	-15.59	15.85	"c(-15.59, 15.85)"
44675	14	-15.59	16.55	"c(-15.59, 16.55)"
	26	-15.59	16.2	
44573	26	-15.59	16.9	"c(-15.59, 16.9)"
46679	11	-15.09	11.3	"c(-15.09, 11.3)"
46456	13	-15.09	11.65	"c(-15.09, 11.65)"
46456	13	-15.09	12	"c(-15.09, 12)"
46456	13	-15.09	12.35	"c(-15.09, 12.35)"
46125	17	-15.09	12.7	"c(-15.09, 12.7)"
46125	17	-15.09	13.05	"c(-15.09, 13.05)"
46125	17	-15.09	13.4	"c(-15.09, 13.4)"
46125	17	-15.09	13.75	"c(-15.09, 13.75)"
45661	16	-15.09	14.1	"c(-15.09, 14.1)"
45450	25	-15.09	14.45	"c(-15.09, 14.45)"
45513	26	-15.09	14.8	"c(-15.09, 14.8)"
45513	26	-15.09	15.15	"c(-15.09, 15.15)"
45513	26	-15.09	15.5	"c(-15.09, 15.5)"
45513	26	-15.09	15.85	"c(-15.09, 15.85)"
45513	26	-15.09	16.2	"c(-15.09, 16.2)"
44576	8	-15.09	16.55	"c(-15.09, 16.55)"
44573	26	-15.09	16.9	"c(-15.09, 16.9)"
46836	2	-14.59	10.6	"c(-14.59, 10.6)"
46836	2	-14.59	10.95	"c(-14.59, 10.95)"
46839	14	-14.59	11.3	"c(-14.59, 11.3)"
46839	14	-14.59	11.65	"c(-14.59, 11.65)"
46456	13	-14.59	12	"c(-14.59, 12)"
46456	13	-14.59	12.35	"c(-14.59, 12.35)"
46125	17	-14.59	12.7	"c(-14.59, 12.7)"
46125	17	-14.59	13.05	"c(-14.59, 13.05)"
46125	17	-14.59	13.4	"c(-14.59, 13.4)"
45626	16	-14.59	13.75	"c(-14.59, 13.75)"
45449	14	-14.59	14.1	"c(-14.59, 14.1)"
45450	25	-14.59	14.45	"c(-14.59, 14.45)"
45513	26	-14.59	14.8	"c(-14.59, 14.8)"
45202	22	-14.59	15.15	"c(-14.59, 15.15)"
45345	14	-14.59	15.5	"c(-14.59, 15.5)"
44772	14	-14.59	15.85	"c(-14.59, 15.85)"
	26	-14.59	16.2	
44577	5	-14.59	16.55	"c(-14.59, 16.55)"
44573	26	-14.59	16.9	"c(-14.59, 16.9)"
47084	2	-14.09	10.25	"c(-14.09, 10.25)"
46742	12	-14.09	10.6	"c(-14.09, 10.6)"
46839	14	-14.09	10.95	"c(-14.09, 10.95)"
46839	14	-14.09	11.3	"c(-14.09, 11.3)"
46839	14	-14.09	11.65	"c(-14.09, 11.65)"
46839	14	-14.09	12	"c(-14.09, 12)"
46146	25	-14.09	12.35	"c(-14.09, 12.35)"
46125	17	-14.09	12.7	"c(-14.09, 12.7)"
45906	5	-14.09	13.05	"c(-14.09, 13.05)"
46125	17	-14.09	13.4	"c(-14.09, 13.4)"
45753	13	-14.09	13.75	"c(-14.09, 13.75)"
45665	14	-14.09	14.1	"c(-14.09, 14.1)"
45450	25	-14.09	14.45	"c(-14.09, 14.45)"
45164	25	-14.09	14.8	"c(-14.09, 14.8)"
45314	18	-14.09	15.15	"c(-14.09, 15.15)"
45314	18	-14.09	15.5	"c(-14.09, 15.5)"
45345	14	-14.09	15.85	"c(-14.09, 15.85)"
44676	26	-14.09	16.2	"c(-14.09, 16.2)"
45345	14	-14.09	16.55	"c(-14.09, 16.55)"
45345	14	-14.09	16.9	"c(-14.09, 16.9)"
47145	12	-13.59	9.55	"c(-13.59, 9.55)"
47084	2	-13.59	9.9	"c(-13.59, 9.9)"
47114	25	-13.59	10.25	"c(-13.59, 10.25)"
46839	14	-13.59	10.6	"c(-13.59, 10.6)"
46651	12	-13.59	10.95	"c(-13.59, 10.95)"
46839	14	-13.59	11.3	"c(-13.59, 11.3)"
46458	12	-13.59	11.65	"c(-13.59, 11.65)"
46458	12	-13.59	12	"c(-13.59, 12)"
46129	13	-13.59	12.35	"c(-13.59, 12.35)"
46003	14	-13.59	12.7	"c(-13.59, 12.7)"
46125	17	-13.59	13.05	"c(-13.59, 13.05)"
45795	18	-13.59	13.4	"c(-13.59, 13.4)"
45712	18	-13.59	13.75	"c(-13.59, 13.75)"
45554	17	-13.59	14.1	"c(-13.59, 14.1)"
45314	18	-13.59	14.45	"c(-13.59, 14.45)"
45164	25	-13.59	14.8	"c(-13.59, 14.8)"
45314	18	-13.59	15.15	"c(-13.59, 15.15)"
45314	18	-13.59	15.5	"c(-13.59, 15.5)"
45345	14	-13.59	15.85	"c(-13.59, 15.85)"
44678	26	-13.59	16.2	"c(-13.59, 16.2)"
45345	14	-13.59	16.55	"c(-13.59, 16.55)"
45345	14	-13.59	16.9	"c(-13.59, 16.9)"
47311	22	-13.09	9.2	"c(-13.09, 9.2)"
48876	13	-13.09	9.55	"c(-13.09, 9.55)"
47114	25	-13.09	9.9	"c(-13.09, 9.9)"
46944	14	-13.09	10.25	"c(-13.09, 10.25)"
46778	12	-13.09	10.6	"c(-13.09, 10.6)"
48876	13	-13.09	10.95	"c(-13.09, 10.95)"
48876	13	-13.09	11.3	"c(-13.09, 11.3)"
46458	12	-13.09	11.65	"c(-13.09, 11.65)"
46458	12	-13.09	12	"c(-13.09, 12)"
46458	12	-13.09	12.35	"c(-13.09, 12.35)"
46035	14	-13.09	12.7	"c(-13.09, 12.7)"
46035	14	-13.09	13.05	"c(-13.09, 13.05)"
45824	18	-13.09	13.4	"c(-13.09, 13.4)"
45713	14	-13.09	13.75	"c(-13.09, 13.75)"
45489	17	-13.09	14.1	"c(-13.09, 14.1)"
45414	14	-13.09	14.45	"c(-13.09, 14.45)"
45314	18	-13.09	14.8	"c(-13.09, 14.8)"
45314	18	-13.09	15.15	"c(-13.09, 15.15)"
45345	14	-13.09	15.5	"c(-13.09, 15.5)"
44850	26	-13.09	15.85	"c(-13.09, 15.85)"
45345	14	-13.09	16.2	"c(-13.09, 16.2)"
45345	14	-13.09	16.55	"c(-13.09, 16.55)"
44535	26	-13.09	16.9	"c(-13.09, 16.9)"
48876	13	-12.59	9.2	"c(-12.59, 9.2)"
47210	3	-12.59	9.55	"c(-12.59, 9.55)"
47210	3	-12.59	9.9	"c(-12.59, 9.9)"
47210	3	-12.59	10.25	"c(-12.59, 10.25)"
46841	12	-12.59	10.6	"c(-12.59, 10.6)"
48876	13	-12.59	10.95	"c(-12.59, 10.95)"
48876	13	-12.59	11.3	"c(-12.59, 11.3)"
48876	13	-12.59	11.65	"c(-12.59, 11.65)"
48876	13	-12.59	12	"c(-12.59, 12)"
46147	23	-12.59	12.35	"c(-12.59, 12.35)"
46148	14	-12.59	12.7	"c(-12.59, 12.7)"
46037	17	-12.59	13.05	"c(-12.59, 13.05)"
46037	17	-12.59	13.4	"c(-12.59, 13.4)"
45713	14	-12.59	13.75	"c(-12.59, 13.75)"
45454	13	-12.59	14.1	"c(-12.59, 14.1)"
45557	18	-12.59	14.45	"c(-12.59, 14.45)"
45314	18	-12.59	14.8	"c(-12.59, 14.8)"
45345	14	-12.59	15.15	"c(-12.59, 15.15)"
45345	14	-12.59	15.5	"c(-12.59, 15.5)"
45345	14	-12.59	15.85	"c(-12.59, 15.85)"
45345	14	-12.59	16.2	"c(-12.59, 16.2)"
45345	14	-12.59	16.55	"c(-12.59, 16.55)"
45345	14	-12.59	16.9	"c(-12.59, 16.9)"
47312	12	-12.09	9.2	"c(-12.09, 9.2)"
47312	12	-12.09	9.55	"c(-12.09, 9.55)"
48876	13	-12.09	9.9	"c(-12.09, 9.9)"
48876	13	-12.09	10.25	"c(-12.09, 10.25)"
48876	13	-12.09	10.6	"c(-12.09, 10.6)"
48876	13	-12.09	10.95	"c(-12.09, 10.95)"
46654	12	-12.09	11.3	"c(-12.09, 11.3)"
46654	12	-12.09	11.65	"c(-12.09, 11.65)"
48876	13	-12.09	12	"c(-12.09, 12)"
46654	12	-12.09	12.35	"c(-12.09, 12.35)"
46005	17	-12.09	12.7	"c(-12.09, 12.7)"
46148	14	-12.09	13.05	"c(-12.09, 13.05)"
46148	14	-12.09	13.4	"c(-12.09, 13.4)"
46148	14	-12.09	13.75	"c(-12.09, 13.75)"
45491	13	-12.09	14.1	"c(-12.09, 14.1)"
45345	14	-12.09	14.45	"c(-12.09, 14.45)"
45345	14	-12.09	14.8	"c(-12.09, 14.8)"
45345	14	-12.09	15.15	"c(-12.09, 15.15)"
45345	14	-12.09	15.5	"c(-12.09, 15.5)"
45345	14	-12.09	15.85	"c(-12.09, 15.85)"
45345	14	-12.09	16.2	"c(-12.09, 16.2)"
45345	14	-12.09	16.55	"c(-12.09, 16.55)"
44851	12	-12.09	16.9	"c(-12.09, 16.9)"
48876	13	-11.59	9.2	"c(-11.59, 9.2)"
48876	13	-11.59	9.55	"c(-11.59, 9.55)"
48876	13	-11.59	9.9	"c(-11.59, 9.9)"
48876	13	-11.59	10.25	"c(-11.59, 10.25)"
48876	13	-11.59	10.6	"c(-11.59, 10.6)"
48876	13	-11.59	10.95	"c(-11.59, 10.95)"
46654	12	-11.59	11.3	"c(-11.59, 11.3)"
46654	12	-11.59	11.65	"c(-11.59, 11.65)"
46654	12	-11.59	12	"c(-11.59, 12)"
46654	12	-11.59	12.35	"c(-11.59, 12.35)"
46100	17	-11.59	12.7	"c(-11.59, 12.7)"
46148	14	-11.59	13.05	"c(-11.59, 13.05)"
46148	14	-11.59	13.4	"c(-11.59, 13.4)"
46148	14	-11.59	13.75	"c(-11.59, 13.75)"
46148	14	-11.59	14.1	"c(-11.59, 14.1)"
45756	13	-11.59	14.45	"c(-11.59, 14.45)"
45756	13	-11.59	14.8	"c(-11.59, 14.8)"
45756	13	-11.59	15.15	"c(-11.59, 15.15)"
45417	26	-11.59	15.5	"c(-11.59, 15.5)"
45417	26	-11.59	15.85	"c(-11.59, 15.85)"
45417	26	-11.59	16.2	"c(-11.59, 16.2)"
45417	26	-11.59	16.55	"c(-11.59, 16.55)"
45417	26	-11.59	16.9	"c(-11.59, 16.9)"
48876	13	-11.09	9.2	"c(-11.09, 9.2)"
48876	13	-11.09	9.55	"c(-11.09, 9.55)"
48876	13	-11.09	9.9	"c(-11.09, 9.9)"
48876	13	-11.09	10.25	"c(-11.09, 10.25)"
48876	13	-11.09	10.6	"c(-11.09, 10.6)"
48692	14	-11.09	10.95	"c(-11.09, 10.95)"
46598	13	-11.09	11.3	"c(-11.09, 11.3)"
46654	12	-11.09	11.65	"c(-11.09, 11.65)"
46654	12	-11.09	12	"c(-11.09, 12)"
46177	13	-11.09	12.35	"c(-11.09, 12.35)"
46177	13	-11.09	12.7	"c(-11.09, 12.7)"
46148	14	-11.09	13.05	"c(-11.09, 13.05)"
46148	14	-11.09	13.4	"c(-11.09, 13.4)"
46148	14	-11.09	13.75	"c(-11.09, 13.75)"
46148	14	-11.09	14.1	"c(-11.09, 14.1)"
46148	14	-11.09	14.45	"c(-11.09, 14.45)"
45756	13	-11.09	14.8	"c(-11.09, 14.8)"
45756	13	-11.09	15.15	"c(-11.09, 15.15)"
45102	12	-11.09	15.5	"c(-11.09, 15.5)"
45102	12	-11.09	15.85	"c(-11.09, 15.85)"
45417	26	-11.09	16.2	"c(-11.09, 16.2)"
45102	12	-11.09	16.55	"c(-11.09, 16.55)"
45102	12	-11.09	16.9	"c(-11.09, 16.9)"
48876	13	-10.59	9.2	"c(-10.59, 9.2)"
48876	13	-10.59	9.55	"c(-10.59, 9.55)"
48876	13	-10.59	9.9	"c(-10.59, 9.9)"
48876	13	-10.59	10.25	"c(-10.59, 10.25)"
48692	14	-10.59	10.6	"c(-10.59, 10.6)"
48692	14	-10.59	10.95	"c(-10.59, 10.95)"
48692	14	-10.59	11.3	"c(-10.59, 11.3)"
48692	14	-10.59	11.65	"c(-10.59, 11.65)"
46336	21	-10.59	12	"c(-10.59, 12)"
46148	14	-10.59	12.35	"c(-10.59, 12.35)"
46148	14	-10.59	12.7	"c(-10.59, 12.7)"
46148	14	-10.59	13.05	"c(-10.59, 13.05)"
46148	14	-10.59	13.4	"c(-10.59, 13.4)"
46148	14	-10.59	13.75	"c(-10.59, 13.75)"
45597	12	-10.59	14.1	"c(-10.59, 14.1)"
45756	13	-10.59	14.45	"c(-10.59, 14.45)"
45756	13	-10.59	14.8	"c(-10.59, 14.8)"
45756	13	-10.59	15.15	"c(-10.59, 15.15)"
45756	13	-10.59	15.5	"c(-10.59, 15.5)"
45102	12	-10.59	15.85	"c(-10.59, 15.85)"
45102	12	-10.59	16.2	"c(-10.59, 16.2)"
45102	12	-10.59	16.55	"c(-10.59, 16.55)"
45102	12	-10.59	16.9	"c(-10.59, 16.9)"
48876	13	-10.09	9.2	"c(-10.09, 9.2)"
48692	14	-10.09	9.55	"c(-10.09, 9.55)"
48692	14	-10.09	9.9	"c(-10.09, 9.9)"
48692	14	-10.09	10.25	"c(-10.09, 10.25)"
48692	14	-10.09	10.6	"c(-10.09, 10.6)"
48692	14	-10.09	10.95	"c(-10.09, 10.95)"
46715	12	-10.09	11.3	"c(-10.09, 11.3)"
46715	12	-10.09	11.65	"c(-10.09, 11.65)"
46336	21	-10.09	12	"c(-10.09, 12)"
46336	21	-10.09	12.35	"c(-10.09, 12.35)"
46148	14	-10.09	12.7	"c(-10.09, 12.7)"
46148	14	-10.09	13.05	"c(-10.09, 13.05)"
46148	14	-10.09	13.4	"c(-10.09, 13.4)"
45756	13	-10.09	13.75	"c(-10.09, 13.75)"
45597	12	-10.09	14.1	"c(-10.09, 14.1)"
45318	5	-10.09	14.45	"c(-10.09, 14.45)"
45756	13	-10.09	14.8	"c(-10.09, 14.8)"
45102	12	-10.09	15.15	"c(-10.09, 15.15)"
45417	26	-10.09	15.5	"c(-10.09, 15.5)"
45417	26	-10.09	15.85	"c(-10.09, 15.85)"
45102	12	-10.09	16.2	"c(-10.09, 16.2)"
45102	12	-10.09	16.55	"c(-10.09, 16.55)"
45102	12	-10.09	16.9	"c(-10.09, 16.9)"
48692	14	-9.59	9.2	"c(-9.59, 9.2)"
48692	14	-9.59	9.55	"c(-9.59, 9.55)"
48692	14	-9.59	9.9	"c(-9.59, 9.9)"
48692	14	-9.59	10.25	"c(-9.59, 10.25)"
46904	12	-9.59	10.6	"c(-9.59, 10.6)"
46715	12	-9.59	10.95	"c(-9.59, 10.95)"
46715	12	-9.59	11.3	"c(-9.59, 11.3)"
46715	12	-9.59	11.65	"c(-9.59, 11.65)"
46715	12	-9.59	12	"c(-9.59, 12)"
46336	21	-9.59	12.35	"c(-9.59, 12.35)"
46148	14	-9.59	12.7	"c(-9.59, 12.7)"
46148	14	-9.59	13.05	"c(-9.59, 13.05)"
46148	14	-9.59	13.4	"c(-9.59, 13.4)"
46148	14	-9.59	13.75	"c(-9.59, 13.75)"
45598	21	-9.59	14.1	"c(-9.59, 14.1)"
45756	13	-9.59	14.45	"c(-9.59, 14.45)"
45417	26	-9.59	14.8	"c(-9.59, 14.8)"
45417	26	-9.59	15.15	"c(-9.59, 15.15)"
45417	26	-9.59	15.5	"c(-9.59, 15.5)"
44878	12	-9.59	15.85	"c(-9.59, 15.85)"
45417	26	-9.59	16.2	"c(-9.59, 16.2)"
45102	12	-9.59	16.55	"c(-9.59, 16.55)"
45102	12	-9.59	16.9	"c(-9.59, 16.9)"
48692	14	-9.09	9.2	"c(-9.09, 9.2)"
48003	13	-9.09	9.55	"c(-9.09, 9.55)"
48692	14	-9.09	9.9	"c(-9.09, 9.9)"
48692	14	-9.09	10.25	"c(-9.09, 10.25)"
46904	12	-9.09	10.6	"c(-9.09, 10.6)"
46904	12	-9.09	10.95	"c(-9.09, 10.95)"
46745	14	-9.09	11.3	"c(-9.09, 11.3)"
46715	12	-9.09	11.65	"c(-9.09, 11.65)"
46715	12	-9.09	12	"c(-9.09, 12)"
46336	21	-9.09	12.35	"c(-9.09, 12.35)"
46336	21	-9.09	12.7	"c(-9.09, 12.7)"
46148	14	-9.09	13.05	"c(-9.09, 13.05)"
46148	14	-9.09	13.4	"c(-9.09, 13.4)"
46148	14	-9.09	13.75	"c(-9.09, 13.75)"
45756	13	-9.09	14.1	"c(-9.09, 14.1)"
45417	26	-9.09	14.45	"c(-9.09, 14.45)"
45417	26	-9.09	14.8	"c(-9.09, 14.8)"
45417	26	-9.09	15.15	"c(-9.09, 15.15)"
45417	26	-9.09	15.5	"c(-9.09, 15.5)"
45417	26	-9.09	15.85	"c(-9.09, 15.85)"
45417	26	-9.09	16.2	"c(-9.09, 16.2)"
45417	26	-9.09	16.55	"c(-9.09, 16.55)"
45417	26	-9.09	16.9	"c(-9.09, 16.9)"
48692	14	-8.59	9.2	"c(-8.59, 9.2)"
48692	14	-8.59	9.55	"c(-8.59, 9.55)"
48692	14	-8.59	9.9	"c(-8.59, 9.9)"
48692	14	-8.59	10.25	"c(-8.59, 10.25)"
46904	12	-8.59	10.6	"c(-8.59, 10.6)"
46904	12	-8.59	10.95	"c(-8.59, 10.95)"
46904	12	-8.59	11.3	"c(-8.59, 11.3)"
46904	12	-8.59	11.65	"c(-8.59, 11.65)"
46715	12	-8.59	12	"c(-8.59, 12)"
46336	21	-8.59	12.35	"c(-8.59, 12.35)"
46336	21	-8.59	12.7	"c(-8.59, 12.7)"
46336	21	-8.59	13.05	"c(-8.59, 13.05)"
46148	14	-8.59	13.4	"c(-8.59, 13.4)"
46148	14	-8.59	13.75	"c(-8.59, 13.75)"
46148	14	-8.59	14.1	"c(-8.59, 14.1)"
45319	14	-8.59	14.45	"c(-8.59, 14.45)"
45417	26	-8.59	14.8	"c(-8.59, 14.8)"
45417	26	-8.59	15.15	"c(-8.59, 15.15)"
45417	26	-8.59	15.5	"c(-8.59, 15.5)"
45417	26	-8.59	15.85	"c(-8.59, 15.85)"
45417	26	-8.59	16.2	"c(-8.59, 16.2)"
45417	26	-8.59	16.55	"c(-8.59, 16.55)"
45417	26	-8.59	16.9	"c(-8.59, 16.9)"
48692	14	-8.09	9.2	"c(-8.09, 9.2)"
48692	14	-8.09	9.55	"c(-8.09, 9.55)"
48692	14	-8.09	9.9	"c(-8.09, 9.9)"
46906	13	-8.09	10.25	"c(-8.09, 10.25)"
46879	1	-8.09	10.6	"c(-8.09, 10.6)"
46879	1	-8.09	10.95	"c(-8.09, 10.95)"
46879	1	-8.09	11.3	"c(-8.09, 11.3)"
46879	1	-8.09	11.65	"c(-8.09, 11.65)"
48876	13	-8.09	12	"c(-8.09, 12)"
48876	13	-8.09	12.35	"c(-8.09, 12.35)"
46336	21	-8.09	12.7	"c(-8.09, 12.7)"
46336	21	-8.09	13.05	"c(-8.09, 13.05)"
45908	25	-8.09	13.4	"c(-8.09, 13.4)"
45908	25	-8.09	13.75	"c(-8.09, 13.75)"
45908	25	-8.09	14.1	"c(-8.09, 14.1)"
45417	26	-8.09	14.45	"c(-8.09, 14.45)"
45417	26	-8.09	14.8	"c(-8.09, 14.8)"
45417	26	-8.09	15.15	"c(-8.09, 15.15)"
45417	26	-8.09	15.5	"c(-8.09, 15.5)"
45417	26	-8.09	15.85	"c(-8.09, 15.85)"
45417	26	-8.09	16.2	"c(-8.09, 16.2)"
45417	26	-8.09	16.55	"c(-8.09, 16.55)"
45417	26	-8.09	16.9	"c(-8.09, 16.9)"
47704	13	-7.59	9.2	"c(-7.59, 9.2)"
48692	14	-7.59	9.55	"c(-7.59, 9.55)"
48876	13	-7.59	9.9	"c(-7.59, 9.9)"
48876	13	-7.59	10.25	"c(-7.59, 10.25)"
48876	13	-7.59	10.6	"c(-7.59, 10.6)"
48876	13	-7.59	10.95	"c(-7.59, 10.95)"
48876	13	-7.59	11.3	"c(-7.59, 11.3)"
48876	13	-7.59	11.65	"c(-7.59, 11.65)"
48876	13	-7.59	12	"c(-7.59, 12)"
48876	13	-7.59	12.35	"c(-7.59, 12.35)"
48876	13	-7.59	12.7	"c(-7.59, 12.7)"
46336	21	-7.59	13.05	"c(-7.59, 13.05)"
46336	21	-7.59	13.4	"c(-7.59, 13.4)"
45908	25	-7.59	13.75	"c(-7.59, 13.75)"
45908	25	-7.59	14.1	"c(-7.59, 14.1)"
45908	25	-7.59	14.45	"c(-7.59, 14.45)"
45417	26	-7.59	14.8	"c(-7.59, 14.8)"
45417	26	-7.59	15.15	"c(-7.59, 15.15)"
45417	26	-7.59	15.5	"c(-7.59, 15.5)"
45417	26	-7.59	15.85	"c(-7.59, 15.85)"
45417	26	-7.59	16.2	"c(-7.59, 16.2)"
44904	12	-7.59	16.55	"c(-7.59, 16.55)"
45417	26	-7.59	16.9	"c(-7.59, 16.9)"
48692	14	-7.09	9.2	"c(-7.09, 9.2)"
47405	13	-7.09	9.55	"c(-7.09, 9.55)"
47180	14	-7.09	9.9	"c(-7.09, 9.9)"
47180	14	-7.09	10.25	"c(-7.09, 10.25)"
47180	14	-7.09	10.6	"c(-7.09, 10.6)"
48876	13	-7.09	10.95	"c(-7.09, 10.95)"
48876	13	-7.09	11.3	"c(-7.09, 11.3)"
48876	13	-7.09	11.65	"c(-7.09, 11.65)"
48876	13	-7.09	12	"c(-7.09, 12)"
48876	13	-7.09	12.35	"c(-7.09, 12.35)"
48876	13	-7.09	12.7	"c(-7.09, 12.7)"
46336	21	-7.09	13.05	"c(-7.09, 13.05)"
45908	25	-7.09	13.4	"c(-7.09, 13.4)"
45908	25	-7.09	13.75	"c(-7.09, 13.75)"
45908	25	-7.09	14.1	"c(-7.09, 14.1)"
45908	25	-7.09	14.45	"c(-7.09, 14.45)"
45908	25	-7.09	14.8	"c(-7.09, 14.8)"
45417	26	-7.09	15.15	"c(-7.09, 15.15)"
45417	26	-7.09	15.5	"c(-7.09, 15.5)"
45417	26	-7.09	15.85	"c(-7.09, 15.85)"
44904	12	-7.09	16.2	"c(-7.09, 16.2)"
44904	12	-7.09	16.55	"c(-7.09, 16.55)"
44904	12	-7.09	16.9	"c(-7.09, 16.9)"
48692	14	-6.59	9.2	"c(-6.59, 9.2)"
47405	13	-6.59	9.55	"c(-6.59, 9.55)"
48692	14	-6.59	9.9	"c(-6.59, 9.9)"
47405	13	-6.59	10.25	"c(-6.59, 10.25)"
46779	16	-6.59	10.6	"c(-6.59, 10.6)"
46779	16	-6.59	10.95	"c(-6.59, 10.95)"
46779	16	-6.59	11.3	"c(-6.59, 11.3)"
48876	13	-6.59	11.65	"c(-6.59, 11.65)"
48876	13	-6.59	12	"c(-6.59, 12)"
48876	13	-6.59	12.35	"c(-6.59, 12.35)"
48876	13	-6.59	12.7	"c(-6.59, 12.7)"
48876	13	-6.59	13.05	"c(-6.59, 13.05)"
45799	11	-6.59	13.4	"c(-6.59, 13.4)"
45908	25	-6.59	13.75	"c(-6.59, 13.75)"
45908	25	-6.59	14.1	"c(-6.59, 14.1)"
45908	25	-6.59	14.45	"c(-6.59, 14.45)"
45908	25	-6.59	14.8	"c(-6.59, 14.8)"
45417	26	-6.59	15.15	"c(-6.59, 15.15)"
45417	26	-6.59	15.5	"c(-6.59, 15.5)"
44904	12	-6.59	15.85	"c(-6.59, 15.85)"
44904	12	-6.59	16.2	"c(-6.59, 16.2)"
45417	26	-6.59	16.55	"c(-6.59, 16.55)"
45417	26	-6.59	16.9	"c(-6.59, 16.9)"
47427	26	-6.09	9.2	"c(-6.09, 9.2)"
48692	14	-6.09	9.55	"c(-6.09, 9.55)"
48692	14	-6.09	9.9	"c(-6.09, 9.9)"
48692	14	-6.09	10.25	"c(-6.09, 10.25)"
46779	16	-6.09	10.6	"c(-6.09, 10.6)"
46779	16	-6.09	10.95	"c(-6.09, 10.95)"
48876	13	-6.09	11.3	"c(-6.09, 11.3)"
48876	13	-6.09	11.65	"c(-6.09, 11.65)"
48876	13	-6.09	12	"c(-6.09, 12)"
48876	13	-6.09	12.35	"c(-6.09, 12.35)"
48876	13	-6.09	12.7	"c(-6.09, 12.7)"
48876	13	-6.09	13.05	"c(-6.09, 13.05)"
48876	13	-6.09	13.4	"c(-6.09, 13.4)"
45670	5	-6.09	13.75	"c(-6.09, 13.75)"
45670	5	-6.09	14.1	"c(-6.09, 14.1)"
45670	5	-6.09	14.45	"c(-6.09, 14.45)"
45670	5	-6.09	14.8	"c(-6.09, 14.8)"
45670	5	-6.09	15.15	"c(-6.09, 15.15)"
45417	26	-6.09	15.5	"c(-6.09, 15.5)"
45417	26	-6.09	15.85	"c(-6.09, 15.85)"
45417	26	-6.09	16.2	"c(-6.09, 16.2)"
45417	26	-6.09	16.55	"c(-6.09, 16.55)"
45417	26	-6.09	16.9	"c(-6.09, 16.9)"
47427	26	-5.59	9.2	"c(-5.59, 9.2)"
47427	26	-5.59	9.55	"c(-5.59, 9.55)"
48692	14	-5.59	9.9	"c(-5.59, 9.9)"
48876	13	-5.59	10.25	"c(-5.59, 10.25)"
48876	13	-5.59	10.6	"c(-5.59, 10.6)"
48876	13	-5.59	10.95	"c(-5.59, 10.95)"
48876	13	-5.59	11.3	"c(-5.59, 11.3)"
46430	2	-5.59	11.65	"c(-5.59, 11.65)"
46430	2	-5.59	12	"c(-5.59, 12)"
48876	13	-5.59	12.35	"c(-5.59, 12.35)"
48876	13	-5.59	12.7	"c(-5.59, 12.7)"
48876	13	-5.59	13.05	"c(-5.59, 13.05)"
48876	13	-5.59	13.4	"c(-5.59, 13.4)"
48876	13	-5.59	13.75	"c(-5.59, 13.75)"
45852	11	-5.59	14.1	"c(-5.59, 14.1)"
45520	25	-5.59	14.45	"c(-5.59, 14.45)"
45520	25	-5.59	14.8	"c(-5.59, 14.8)"
45670	5	-5.59	15.15	"c(-5.59, 15.15)"
45417	26	-5.59	15.5	"c(-5.59, 15.5)"
45417	26	-5.59	15.85	"c(-5.59, 15.85)"
45417	26	-5.59	16.2	"c(-5.59, 16.2)"
45417	26	-5.59	16.55	"c(-5.59, 16.55)"
45417	26	-5.59	16.9	"c(-5.59, 16.9)"
47566	25	-5.09	9.2	"c(-5.09, 9.2)"
47146	26	-5.09	9.55	"c(-5.09, 9.55)"
48876	13	-5.09	9.9	"c(-5.09, 9.9)"
48876	13	-5.09	10.25	"c(-5.09, 10.25)"
48876	13	-5.09	10.6	"c(-5.09, 10.6)"
48876	13	-5.09	10.95	"c(-5.09, 10.95)"
48876	13	-5.09	11.3	"c(-5.09, 11.3)"
48876	13	-5.09	11.65	"c(-5.09, 11.65)"
48876	13	-5.09	12	"c(-5.09, 12)"
48876	13	-5.09	12.35	"c(-5.09, 12.35)"
48876	13	-5.09	12.7	"c(-5.09, 12.7)"
48876	13	-5.09	13.05	"c(-5.09, 13.05)"
45852	11	-5.09	13.4	"c(-5.09, 13.4)"
48876	13	-5.09	13.75	"c(-5.09, 13.75)"
45852	11	-5.09	14.1	"c(-5.09, 14.1)"
45852	11	-5.09	14.45	"c(-5.09, 14.45)"
45852	11	-5.09	14.8	"c(-5.09, 14.8)"
45852	11	-5.09	15.15	"c(-5.09, 15.15)"
45852	11	-5.09	15.5	"c(-5.09, 15.5)"
45417	26	-5.09	15.85	"c(-5.09, 15.85)"
45417	26	-5.09	16.2	"c(-5.09, 16.2)"
45417	26	-5.09	16.55	"c(-5.09, 16.55)"
45417	26	-5.09	16.9	"c(-5.09, 16.9)"
47632	25	-4.59	9.2	"c(-4.59, 9.2)"
47769	13	-4.59	9.55	"c(-4.59, 9.55)"
48876	13	-4.59	9.9	"c(-4.59, 9.9)"
48876	13	-4.59	10.25	"c(-4.59, 10.25)"
47053	11	-4.59	10.6	"c(-4.59, 10.6)"
48876	13	-4.59	10.95	"c(-4.59, 10.95)"
48876	13	-4.59	11.3	"c(-4.59, 11.3)"
48876	13	-4.59	11.65	"c(-4.59, 11.65)"
46305	14	-4.59	12	"c(-4.59, 12)"
46130	12	-4.59	12.35	"c(-4.59, 12.35)"
48876	13	-4.59	12.7	"c(-4.59, 12.7)"
48876	13	-4.59	13.05	"c(-4.59, 13.05)"
48876	13	-4.59	13.4	"c(-4.59, 13.4)"
45852	11	-4.59	13.75	"c(-4.59, 13.75)"
45852	11	-4.59	14.1	"c(-4.59, 14.1)"
45852	11	-4.59	14.45	"c(-4.59, 14.45)"
45852	11	-4.59	14.8	"c(-4.59, 14.8)"
45852	11	-4.59	15.15	"c(-4.59, 15.15)"
45852	11	-4.59	15.5	"c(-4.59, 15.5)"
45852	11	-4.59	15.85	"c(-4.59, 15.85)"
45417	26	-4.59	16.2	"c(-4.59, 16.2)"
45417	26	-4.59	16.55	"c(-4.59, 16.55)"
	26	-4.59	16.9	
47278	14	-4.09	9.2	"c(-4.09, 9.2)"
47181	2	-4.09	9.55	"c(-4.09, 9.55)"
47632	25	-4.09	9.9	"c(-4.09, 9.9)"
48876	13	-4.09	10.25	"c(-4.09, 10.25)"
48876	13	-4.09	10.6	"c(-4.09, 10.6)"
48876	13	-4.09	10.95	"c(-4.09, 10.95)"
48876	13	-4.09	11.3	"c(-4.09, 11.3)"
48876	13	-4.09	11.65	"c(-4.09, 11.65)"
46287	14	-4.09	12	"c(-4.09, 12)"
48876	13	-4.09	12.35	"c(-4.09, 12.35)"
48876	13	-4.09	12.7	"c(-4.09, 12.7)"
46661	26	-4.09	13.05	"c(-4.09, 13.05)"
45800	12	-4.09	13.4	"c(-4.09, 13.4)"
48876	13	-4.09	13.75	"c(-4.09, 13.75)"
48876	13	-4.09	14.1	"c(-4.09, 14.1)"
45320	13	-4.09	14.45	"c(-4.09, 14.45)"
45852	11	-4.09	14.8	"c(-4.09, 14.8)"
45852	11	-4.09	15.15	"c(-4.09, 15.15)"
45852	11	-4.09	15.5	"c(-4.09, 15.5)"
45852	11	-4.09	15.85	"c(-4.09, 15.85)"
45417	26	-4.09	16.2	"c(-4.09, 16.2)"
45417	26	-4.09	16.55	"c(-4.09, 16.55)"
	26	-4.09	16.9	
47407	25	-3.59	9.2	"c(-3.59, 9.2)"
48876	13	-3.59	9.55	"c(-3.59, 9.55)"
47115	2	-3.59	9.9	"c(-3.59, 9.9)"
46946	25	-3.59	10.25	"c(-3.59, 10.25)"
46946	25	-3.59	10.6	"c(-3.59, 10.6)"
47054	14	-3.59	10.95	"c(-3.59, 10.95)"
48876	13	-3.59	11.3	"c(-3.59, 11.3)"
48876	13	-3.59	11.65	"c(-3.59, 11.65)"
46395	25	-3.59	12	"c(-3.59, 12)"
48876	13	-3.59	12.35	"c(-3.59, 12.35)"
48876	13	-3.59	12.7	"c(-3.59, 12.7)"
45948	5	-3.59	13.05	"c(-3.59, 13.05)"
45948	5	-3.59	13.4	"c(-3.59, 13.4)"
46661	26	-3.59	13.75	"c(-3.59, 13.75)"
46661	26	-3.59	14.1	"c(-3.59, 14.1)"
45420	26	-3.59	14.45	"c(-3.59, 14.45)"
45854	14	-3.59	14.8	"c(-3.59, 14.8)"
45104	13	-3.59	15.15	"c(-3.59, 15.15)"
45852	11	-3.59	15.5	"c(-3.59, 15.5)"
45852	11	-3.59	15.85	"c(-3.59, 15.85)"
45417	26	-3.59	16.2	"c(-3.59, 16.2)"
45852	11	-3.59	16.55	"c(-3.59, 16.55)"
	26	-3.59	16.9	
47407	25	-3.09	9.2	"c(-3.09, 9.2)"
47407	25	-3.09	9.55	"c(-3.09, 9.55)"
47407	25	-3.09	9.9	"c(-3.09, 9.9)"
47054	14	-3.09	10.25	"c(-3.09, 10.25)"
48876	13	-3.09	10.6	"c(-3.09, 10.6)"
47054	14	-3.09	10.95	"c(-3.09, 10.95)"
48876	13	-3.09	11.3	"c(-3.09, 11.3)"
48876	13	-3.09	11.65	"c(-3.09, 11.65)"
48876	13	-3.09	12	"c(-3.09, 12)"
48876	13	-3.09	12.35	"c(-3.09, 12.35)"
46661	26	-3.09	12.7	"c(-3.09, 12.7)"
45981	13	-3.09	13.05	"c(-3.09, 13.05)"
45801	5	-3.09	13.4	"c(-3.09, 13.4)"
45980	14	-3.09	13.75	"c(-3.09, 13.75)"
46661	26	-3.09	14.1	"c(-3.09, 14.1)"
46661	26	-3.09	14.45	"c(-3.09, 14.45)"
45166	12	-3.09	14.8	"c(-3.09, 14.8)"
46661	26	-3.09	15.15	"c(-3.09, 15.15)"
44975	13	-3.09	15.5	"c(-3.09, 15.5)"
46661	26	-3.09	15.85	"c(-3.09, 15.85)"
45852	11	-3.09	16.2	"c(-3.09, 16.2)"
45852	11	-3.09	16.55	"c(-3.09, 16.55)"
	26	-3.09	16.9	
47536	4	-2.59	9.2	"c(-2.59, 9.2)"
48876	13	-2.59	9.55	"c(-2.59, 9.55)"
48876	13	-2.59	9.9	"c(-2.59, 9.9)"
48876	13	-2.59	10.25	"c(-2.59, 10.25)"
48876	13	-2.59	10.6	"c(-2.59, 10.6)"
46881	25	-2.59	10.95	"c(-2.59, 10.95)"
46881	25	-2.59	11.3	"c(-2.59, 11.3)"
46881	25	-2.59	11.65	"c(-2.59, 11.65)"
46881	25	-2.59	12	"c(-2.59, 12)"
46661	26	-2.59	12.35	"c(-2.59, 12.35)"
46661	26	-2.59	12.7	"c(-2.59, 12.7)"
46661	26	-2.59	13.05	"c(-2.59, 13.05)"
46661	26	-2.59	13.4	"c(-2.59, 13.4)"
46661	26	-2.59	13.75	"c(-2.59, 13.75)"
46661	26	-2.59	14.1	"c(-2.59, 14.1)"
46661	26	-2.59	14.45	"c(-2.59, 14.45)"
46661	26	-2.59	14.8	"c(-2.59, 14.8)"
46661	26	-2.59	15.15	"c(-2.59, 15.15)"
46661	26	-2.59	15.5	"c(-2.59, 15.5)"
46661	26	-2.59	15.85	"c(-2.59, 15.85)"
46661	26	-2.59	16.2	"c(-2.59, 16.2)"
46661	26	-2.59	16.55	"c(-2.59, 16.55)"
45852	11	-2.59	16.9	"c(-2.59, 16.9)"
48876	13	-2.09	9.2	"c(-2.09, 9.2)"
48876	13	-2.09	9.55	"c(-2.09, 9.55)"
47055	14	-2.09	9.9	"c(-2.09, 9.9)"
47055	14	-2.09	10.25	"c(-2.09, 10.25)"
46881	25	-2.09	10.6	"c(-2.09, 10.6)"
46881	25	-2.09	10.95	"c(-2.09, 10.95)"
46881	25	-2.09	11.3	"c(-2.09, 11.3)"
46881	25	-2.09	11.65	"c(-2.09, 11.65)"
46881	25	-2.09	12	"c(-2.09, 12)"
46207	13	-2.09	12.35	"c(-2.09, 12.35)"
46207	13	-2.09	12.7	"c(-2.09, 12.7)"
46661	26	-2.09	13.05	"c(-2.09, 13.05)"
46661	26	-2.09	13.4	"c(-2.09, 13.4)"
46661	26	-2.09	13.75	"c(-2.09, 13.75)"
46661	26	-2.09	14.1	"c(-2.09, 14.1)"
46661	26	-2.09	14.45	"c(-2.09, 14.45)"
46661	26	-2.09	14.8	"c(-2.09, 14.8)"
46661	26	-2.09	15.15	"c(-2.09, 15.15)"
46661	26	-2.09	15.5	"c(-2.09, 15.5)"
46661	26	-2.09	15.85	"c(-2.09, 15.85)"
46661	26	-2.09	16.2	"c(-2.09, 16.2)"
46661	26	-2.09	16.55	"c(-2.09, 16.55)"
45852	11	-2.09	16.9	"c(-2.09, 16.9)"
48876	13	-1.59	9.2	"c(-1.59, 9.2)"
48876	13	-1.59	9.55	"c(-1.59, 9.55)"
48876	13	-1.59	9.9	"c(-1.59, 9.9)"
47055	14	-1.59	10.25	"c(-1.59, 10.25)"
47055	14	-1.59	10.6	"c(-1.59, 10.6)"
46881	25	-1.59	10.95	"c(-1.59, 10.95)"
46881	25	-1.59	11.3	"c(-1.59, 11.3)"
46881	25	-1.59	11.65	"c(-1.59, 11.65)"
46881	25	-1.59	12	"c(-1.59, 12)"
46881	25	-1.59	12.35	"c(-1.59, 12.35)"
46661	26	-1.59	12.7	"c(-1.59, 12.7)"
46661	26	-1.59	13.05	"c(-1.59, 13.05)"
45982	13	-1.59	13.4	"c(-1.59, 13.4)"
46661	26	-1.59	13.75	"c(-1.59, 13.75)"
45457	13	-1.59	14.1	"c(-1.59, 14.1)"
45388	14	-1.59	14.45	"c(-1.59, 14.45)"
46661	26	-1.59	14.8	"c(-1.59, 14.8)"
46661	26	-1.59	15.15	"c(-1.59, 15.15)"
46661	26	-1.59	15.5	"c(-1.59, 15.5)"
46661	26	-1.59	15.85	"c(-1.59, 15.85)"
46661	26	-1.59	16.2	"c(-1.59, 16.2)"
46661	26	-1.59	16.55	"c(-1.59, 16.55)"
46661	26	-1.59	16.9	"c(-1.59, 16.9)"
48876	13	-1.09	9.2	"c(-1.09, 9.2)"
48876	13	-1.09	9.55	"c(-1.09, 9.55)"
48876	13	-1.09	9.9	"c(-1.09, 9.9)"
48876	13	-1.09	10.25	"c(-1.09, 10.25)"
46881	25	-1.09	10.6	"c(-1.09, 10.6)"
46881	25	-1.09	10.95	"c(-1.09, 10.95)"
46502	12	-1.09	11.3	"c(-1.09, 11.3)"
46398	5	-1.09	11.65	"c(-1.09, 11.65)"
46881	25	-1.09	12	"c(-1.09, 12)"
46881	25	-1.09	12.35	"c(-1.09, 12.35)"
46881	25	-1.09	12.7	"c(-1.09, 12.7)"
45982	13	-1.09	13.05	"c(-1.09, 13.05)"
46661	26	-1.09	13.4	"c(-1.09, 13.4)"
46661	26	-1.09	13.75	"c(-1.09, 13.75)"
45457	13	-1.09	14.1	"c(-1.09, 14.1)"
45388	14	-1.09	14.45	"c(-1.09, 14.45)"
45168	5	-1.09	14.8	"c(-1.09, 14.8)"
46661	26	-1.09	15.15	"c(-1.09, 15.15)"
46661	26	-1.09	15.5	"c(-1.09, 15.5)"
46661	26	-1.09	15.85	"c(-1.09, 15.85)"
46661	26	-1.09	16.2	"c(-1.09, 16.2)"
46661	26	-1.09	16.55	"c(-1.09, 16.55)"
46661	26	-1.09	16.9	"c(-1.09, 16.9)"
48876	13	-0.59	9.2	"c(-0.59, 9.2)"
47280	25	-0.59	9.55	"c(-0.59, 9.55)"
48876	13	-0.59	9.9	"c(-0.59, 9.9)"
48876	13	-0.59	10.25	"c(-0.59, 10.25)"
46881	25	-0.59	10.6	"c(-0.59, 10.6)"
46629	14	-0.59	10.95	"c(-0.59, 10.95)"
46717	5	-0.59	11.3	"c(-0.59, 11.3)"
46464	13	-0.59	11.65	"c(-0.59, 11.65)"
46308	14	-0.59	12	"c(-0.59, 12)"
46341	13	-0.59	12.35	"c(-0.59, 12.35)"
46066	14	-0.59	12.7	"c(-0.59, 12.7)"
46661	26	-0.59	13.05	"c(-0.59, 13.05)"
46661	26	-0.59	13.4	"c(-0.59, 13.4)"
46661	26	-0.59	13.75	"c(-0.59, 13.75)"
45558	14	-0.59	14.1	"c(-0.59, 14.1)"
45559	14	-0.59	14.45	"c(-0.59, 14.45)"
45169	14	-0.59	14.8	"c(-0.59, 14.8)"
46661	26	-0.59	15.15	"c(-0.59, 15.15)"
44906	26	-0.59	15.5	"c(-0.59, 15.5)"
46661	26	-0.59	15.85	"c(-0.59, 15.85)"
46661	26	-0.59	16.2	"c(-0.59, 16.2)"
46661	26	-0.59	16.55	"c(-0.59, 16.55)"
46661	26	-0.59	16.9	"c(-0.59, 16.9)"
48876	13	-0.09	9.2	"c(-0.0899999999999999, 9.2)"
48876	13	-0.09	9.55	"c(-0.0899999999999999, 9.55)"
48876	13	-0.09	9.9	"c(-0.0899999999999999, 9.9)"
48876	13	-0.09	10.25	"c(-0.0899999999999999, 10.25)"
46881	25	-0.09	10.6	"c(-0.0899999999999999, 10.6)"
46659	13	-0.09	10.95	"c(-0.0899999999999999, 10.95)"
46717	5	-0.09	11.3	"c(-0.0899999999999999, 11.3)"
46717	5	-0.09	11.65	"c(-0.0899999999999999, 11.65)"
46341	13	-0.09	12	"c(-0.0899999999999999, 12)"
46341	13	-0.09	12.35	"c(-0.0899999999999999, 12.35)"
46341	13	-0.09	12.7	"c(-0.0899999999999999, 12.7)"
46066	14	-0.09	13.05	"c(-0.0899999999999999, 13.05)"
46661	26	-0.09	13.4	"c(-0.0899999999999999, 13.4)"
46661	26	-0.09	13.75	"c(-0.0899999999999999, 13.75)"
45492	5	-0.09	14.1	"c(-0.0899999999999999, 14.1)"
45559	14	-0.09	14.45	"c(-0.0899999999999999, 14.45)"
46661	26	-0.09	14.8	"c(-0.0899999999999999, 14.8)"
45169	14	-0.09	15.15	"c(-0.0899999999999999, 15.15)"
44906	26	-0.09	15.5	"c(-0.0899999999999999, 15.5)"
45169	14	-0.09	15.85	"c(-0.0899999999999999, 15.85)"
46661	26	-0.09	16.2	"c(-0.0899999999999999, 16.2)"
44650	11	-0.09	16.55	"c(-0.0899999999999999, 16.55)"
46661	26	-0.09	16.9	"c(-0.0899999999999999, 16.9)"
48876	13	0.41	9.2	"c(0.41, 9.2)"
48876	13	0.41	9.55	"c(0.41, 9.55)"
47031	14	0.41	9.9	"c(0.41, 9.9)"
47031	14	0.41	10.25	"c(0.41, 10.25)"
46849	13	0.41	10.6	"c(0.41, 10.6)"
46659	13	0.41	10.95	"c(0.41, 10.95)"
46659	13	0.41	11.3	"c(0.41, 11.3)"
46717	5	0.41	11.65	"c(0.41, 11.65)"
46342	14	0.41	12	"c(0.41, 12)"
46342	14	0.41	12.35	"c(0.41, 12.35)"
46042	14	0.41	12.7	"c(0.41, 12.7)"
45932	13	0.41	13.05	"c(0.41, 13.05)"
46661	26	0.41	13.4	"c(0.41, 13.4)"
45634	13	0.41	13.75	"c(0.41, 13.75)"
45458	5	0.41	14.1	"c(0.41, 14.1)"
45322	26	0.41	14.45	"c(0.41, 14.45)"
46661	26	0.41	14.8	"c(0.41, 14.8)"
46661	26	0.41	15.15	"c(0.41, 15.15)"
46661	26	0.41	15.5	"c(0.41, 15.5)"
46661	26	0.41	15.85	"c(0.41, 15.85)"
46661	26	0.41	16.2	"c(0.41, 16.2)"
46661	26	0.41	16.55	"c(0.41, 16.55)"
46661	26	0.41	16.9	"c(0.41, 16.9)"
48876	13	0.91	9.2	"c(0.91, 9.2)"
48876	13	0.91	9.55	"c(0.91, 9.55)"
48876	13	0.91	9.9	"c(0.91, 9.9)"
48876	13	0.91	10.25	"c(0.91, 10.25)"
48876	13	0.91	10.6	"c(0.91, 10.6)"
46783	14	0.91	10.95	"c(0.91, 10.95)"
46570	5	0.91	11.3	"c(0.91, 11.3)"
46570	5	0.91	11.65	"c(0.91, 11.65)"
46432	13	0.91	12	"c(0.91, 12)"
46154	5	0.91	12.35	"c(0.91, 12.35)"
46208	26	0.91	12.7	"c(0.91, 12.7)"
46042	14	0.91	13.05	"c(0.91, 13.05)"
46661	26	0.91	13.4	"c(0.91, 13.4)"
46042	14	0.91	13.75	"c(0.91, 13.75)"
45559	14	0.91	14.1	"c(0.91, 14.1)"
46661	26	0.91	14.45	"c(0.91, 14.45)"
45351	23	0.91	14.8	"c(0.91, 14.8)"
46661	26	0.91	15.15	"c(0.91, 15.15)"
44938	14	0.91	15.5	"c(0.91, 15.5)"
46661	26	0.91	15.85	"c(0.91, 15.85)"
46661	26	0.91	16.2	"c(0.91, 16.2)"
46661	26	0.91	16.55	"c(0.91, 16.55)"
46661	26	0.91	16.9	"c(0.91, 16.9)"
48876	13	1.41	9.2	"c(1.41, 9.2)"
47147	16	1.41	9.55	"c(1.41, 9.55)"
48876	13	1.41	9.9	"c(1.41, 9.9)"
48876	13	1.41	10.25	"c(1.41, 10.25)"
46973	12	1.41	10.6	"c(1.41, 10.6)"
48876	13	1.41	10.95	"c(1.41, 10.95)"
46783	14	1.41	11.3	"c(1.41, 11.3)"
46432	13	1.41	11.65	"c(1.41, 11.65)"
46309	14	1.41	12	"c(1.41, 12)"
46155	5	1.41	12.35	"c(1.41, 12.35)"
46208	26	1.41	12.7	"c(1.41, 12.7)"
46042	14	1.41	13.05	"c(1.41, 13.05)"
46042	14	1.41	13.4	"c(1.41, 13.4)"
46661	26	1.41	13.75	"c(1.41, 13.75)"
46661	26	1.41	14.1	"c(1.41, 14.1)"
45351	23	1.41	14.45	"c(1.41, 14.45)"
45351	23	1.41	14.8	"c(1.41, 14.8)"
46661	26	1.41	15.15	"c(1.41, 15.15)"
46661	26	1.41	15.5	"c(1.41, 15.5)"
46661	26	1.41	15.85	"c(1.41, 15.85)"
46661	26	1.41	16.2	"c(1.41, 16.2)"
46661	26	1.41	16.55	"c(1.41, 16.55)"
46661	26	1.41	16.9	"c(1.41, 16.9)"
48876	13	1.91	9.2	"c(1.91, 9.2)"
48876	13	1.91	9.55	"c(1.91, 9.55)"
48876	13	1.91	9.9	"c(1.91, 9.9)"
48876	13	1.91	10.25	"c(1.91, 10.25)"
48876	13	1.91	10.6	"c(1.91, 10.6)"
48876	13	1.91	10.95	"c(1.91, 10.95)"
48876	13	1.91	11.3	"c(1.91, 11.3)"
46434	4	1.91	11.65	"c(1.91, 11.65)"
46432	13	1.91	12	"c(1.91, 12)"
46432	13	1.91	12.35	"c(1.91, 12.35)"
46432	13	1.91	12.7	"c(1.91, 12.7)"
46432	13	1.91	13.05	"c(1.91, 13.05)"
46661	26	1.91	13.4	"c(1.91, 13.4)"
46661	26	1.91	13.75	"c(1.91, 13.75)"
46661	26	1.91	14.1	"c(1.91, 14.1)"
46661	26	1.91	14.45	"c(1.91, 14.45)"
46661	26	1.91	14.8	"c(1.91, 14.8)"
46661	26	1.91	15.15	"c(1.91, 15.15)"
46661	26	1.91	15.5	"c(1.91, 15.5)"
46661	26	1.91	15.85	"c(1.91, 15.85)"
46661	26	1.91	16.2	"c(1.91, 16.2)"
46661	26	1.91	16.55	"c(1.91, 16.55)"
46661	26	1.91	16.9	"c(1.91, 16.9)"
48876	13	2.41	9.2	"c(2.41, 9.2)"
48876	13	2.41	9.55	"c(2.41, 9.55)"
48876	13	2.41	9.9	"c(2.41, 9.9)"
48876	13	2.41	10.25	"c(2.41, 10.25)"
48876	13	2.41	10.6	"c(2.41, 10.6)"
48876	13	2.41	10.95	"c(2.41, 10.95)"
48876	13	2.41	11.3	"c(2.41, 11.3)"
48876	13	2.41	11.65	"c(2.41, 11.65)"
46369	14	2.41	12	"c(2.41, 12)"
46369	14	2.41	12.35	"c(2.41, 12.35)"
46369	14	2.41	12.7	"c(2.41, 12.7)"
46661	26	2.41	13.05	"c(2.41, 13.05)"
46661	26	2.41	13.4	"c(2.41, 13.4)"
46661	26	2.41	13.75	"c(2.41, 13.75)"
46661	26	2.41	14.1	"c(2.41, 14.1)"
46661	26	2.41	14.45	"c(2.41, 14.45)"
46661	26	2.41	14.8	"c(2.41, 14.8)"
46661	26	2.41	15.15	"c(2.41, 15.15)"
46661	26	2.41	15.5	"c(2.41, 15.5)"
46661	26	2.41	15.85	"c(2.41, 15.85)"
44743	14	2.41	16.2	"c(2.41, 16.2)"
44743	14	2.41	16.55	"c(2.41, 16.55)"
44743	14	2.41	16.9	"c(2.41, 16.9)"
48876	13	2.91	9.2	"c(2.91, 9.2)"
48876	13	2.91	9.55	"c(2.91, 9.55)"
48876	13	2.91	9.9	"c(2.91, 9.9)"
48876	13	2.91	10.25	"c(2.91, 10.25)"
48876	13	2.91	10.6	"c(2.91, 10.6)"
48876	13	2.91	10.95	"c(2.91, 10.95)"
48876	13	2.91	11.3	"c(2.91, 11.3)"
46370	5	2.91	11.65	"c(2.91, 11.65)"
46343	5	2.91	12	"c(2.91, 12)"
46661	26	2.91	12.35	"c(2.91, 12.35)"
46661	26	2.91	12.7	"c(2.91, 12.7)"
46661	26	2.91	13.05	"c(2.91, 13.05)"
46661	26	2.91	13.4	"c(2.91, 13.4)"
46661	26	2.91	13.75	"c(2.91, 13.75)"
46661	26	2.91	14.1	"c(2.91, 14.1)"
46661	26	2.91	14.45	"c(2.91, 14.45)"
46661	26	2.91	14.8	"c(2.91, 14.8)"
46661	26	2.91	15.15	"c(2.91, 15.15)"
46661	26	2.91	15.5	"c(2.91, 15.5)"
46661	26	2.91	15.85	"c(2.91, 15.85)"
44743	14	2.91	16.2	"c(2.91, 16.2)"
44743	14	2.91	16.55	"c(2.91, 16.55)"
46661	26	2.91	16.9	"c(2.91, 16.9)"
